25,0,1 0,0,1 0,102,0.93991 25,102,0.93241 0001
25,102,0.93241 0,102,0.93991 0,204,0.897251 25,204,0.89542 0102
25,204,0.89542 0,204,0.897251 0,306,0.877199 25,306,0.868941 0203
25,306,0.868941 0,306,0.877199 0,408,0.833855 25,408,0.821659 0304
0,281,0.890571 0,331,0.890571 102,331,0.807402 102,281,0.829165 0313
0,383,0.849937 0,433,0.849937 102,433,0.774062 102,383,0.784812 0414
102,281,0.829165 102,331,0.807402 204,331,0.727975 204,281,0.74652 1323
102,383,0.784812 102,433,0.774062 204,433,0.681507 204,383,0.696679 1424
204,281,0.74652 204,331,0.727975 306,331,0.652797 306,281,0.681996 2333
204,383,0.696679 204,433,0.681507 306,433,0.599836 306,383,0.630347 2434
306,281,0.681996 306,331,0.652797 408,331,0.597524 408,281,0.63668 3343
306,383,0.630347 306,433,0.599836 408,332,0.596958 408,282,0.636552 3443
306,383,0.630347 306,433,0.599836 408,433,0.530251 408,383,0.550852 3444
408,281,0.63668 408,331,0.597524 510,230,0.642066 510,180,0.650281 4352
408,281,0.63668 408,331,0.597524 510,331,0.566874 510,281,0.608581 4353
408,383,0.550852 408,433,0.530251 510,433,0.472021 510,383,0.506059 4454
535,204,0.629514 485,204,0.659102 485,306,0.591417 535,306,0.58106 5253
510,179,0.650466 510,229,0.642999 612,229,0.557077 612,179,0.565567 5262
535,306,0.58106 485,306,0.591417 485,408,0.499438 535,408,0.485943 5354
510,281,0.608581 510,331,0.566874 612,331,0.516907 612,281,0.53344 5363
535,408,0.485943 485,408,0.499438 485,510,0.428661 535,510,0.404899 5455
510,383,0.506059 510,433,0.472021 612,433,0.448338 612,383,0.486699 5464
535,510,0.404899 485,510,0.428661 485,612,0.401256 535,612,0.380385 5556
510,485,0.429777 510,535,0.408069 612,434,0.447018 612,384,0.485813 5564
510,587,0.402102 510,637,0.379081 612,637,0.356999 612,587,0.364363 5666
612,179,0.565567 612,229,0.557077 714,229,0.503587 714,179,0.510668 6272
612,281,0.53344 612,331,0.516907 714,331,0.457462 714,281,0.482431 6373
612,383,0.486699 612,433,0.448338 714,332,0.456949 714,282,0.482909 6473
612,587,0.364363 612,637,0.356999 714,637,0.349287 714,587,0.352959 6676
714,179,0.510668 714,229,0.503587 816,229,0.431069 816,179,0.442593 7282
714,281,0.482431 714,331,0.457462 816,230,0.430704 816,180,0.443135 7382
714,587,0.352959 714,637,0.349287 816,637,0.32637 816,587,0.318857 7686
841,204,0.426074 791,204,0.453295 791,306,0.43062 841,306,0.400818 8283
841,306,0.400818 791,306,0.43062 791,408,0.357657 841,408,0.345325 8384
841,408,0.345325 791,408,0.357657 791,510,0.313132 841,510,0.289153 8485
841,510,0.289153 791,510,0.313132 791,612,0.336261 841,612,0.317456 8586
841,612,0.317456 791,612,0.336261 791,714,0.325125 841,714,0.298836 8687
841,714,0.298836 791,714,0.325125 791,816,0.326327 841,816,0.297949 8788
841,816,0.297949 791,816,0.326327 791,918,0.335738 841,918,0.282998 8889
816,893,0.317162 816,943,0.302636 1024,1024,0.0511147 1024,998,0.0511147 8999
