25,0,1 0,0,1 0,102,0.87454 25,102,0.867113 0001
25,102,0.867113 0,102,0.87454 0,204,0.825722 25,204,0.821337 0102
25,204,0.821337 0,204,0.825722 0,306,0.802422 25,306,0.789103 0203
0,179,0.832154 0,229,0.832154 102,229,0.783104 102,179,0.79061 0212
0,281,0.827373 0,331,0.827373 102,331,0.734155 102,281,0.75958 0313
102,179,0.79061 102,229,0.783104 204,229,0.741752 204,179,0.756407 1222
102,281,0.75958 102,331,0.734155 204,331,0.688691 204,281,0.721717 1323
204,179,0.756407 204,229,0.741752 306,229,0.698463 306,179,0.690763 2232
204,281,0.721717 204,331,0.688691 306,331,0.664735 306,281,0.68966 2333
306,179,0.690763 306,229,0.698463 408,229,0.629258 408,179,0.630207 3242
306,281,0.68966 306,331,0.664735 408,331,0.627608 408,281,0.628548 3343
433,204,0.616361 383,204,0.645462 383,306,0.634203 433,306,0.618181 4243
408,179,0.630207 408,229,0.629258 510,229,0.592467 510,179,0.579506 4252
408,281,0.628548 408,331,0.627608 510,331,0.616253 510,281,0.590479 4353
510,179,0.579506 510,229,0.592467 612,128,0.525389 612,78,0.524001 5261
510,281,0.590479 510,331,0.616253 612,331,0.565909 612,281,0.575752 5363
637,102,0.516992 587,102,0.525352 587,204,0.563034 637,204,0.565524 6162
637,204,0.565524 587,204,0.563034 587,306,0.570391 637,306,0.573576 6263
612,281,0.575752 612,331,0.565909 714,331,0.54871 714,281,0.557479 6373
739,306,0.541682 689,306,0.560104 689,408,0.536832 739,408,0.524217 7374
714,383,0.547744 714,433,0.521934 816,433,0.486779 816,383,0.505887 7484
841,408,0.492731 791,408,0.502228 791,510,0.477425 841,510,0.431474 8485
841,510,0.431474 791,510,0.477425 791,612,0.40683 841,612,0.380398 8586
841,612,0.380398 791,612,0.40683 791,714,0.341079 841,714,0.319669 8687
841,714,0.319669 791,714,0.341079 791,816,0.28517 841,816,0.241493 8788
841,816,0.241493 791,816,0.28517 791,918,0.228099 841,918,0.187277 8889
816,893,0.231311 816,943,0.182651 1024,1024,0.0361878 1024,998,0.0361878 8999
