0 

0 1 

0 1 2 

0 1 2 3 

0 1 2 3 4 

0 1 2 3 4 5 

0 1 2 3 4 5 6 

0 1 2 3 4 5 6 7 

0 1 2 3 4 5 6 7 8 

0 1 2 3 4 5 6 7 8 9 

0 10 

0 11 

0 1 12 

0 1 2 13 

0 1 2 3 14 

0 1 2 3 4 15 

0 1 2 3 4 5 16 

0 1 2 3 4 5 6 17 

0 1 2 3 4 5 6 7 18 

0 1 2 3 4 5 6 7 8 19 

0 10 20 

0 10 21 

0 11 22 

0 1 12 23 

0 1 2 13 24 

0 1 2 3 14 25 

0 1 2 3 4 15 26 

0 1 2 3 4 5 16 27 

0 1 2 3 4 5 6 17 28 

0 1 2 3 4 5 6 7 18 29 

0 10 20 30 

0 10 20 31 

0 10 21 32 

0 11 22 33 

0 1 12 23 34 

0 1 2 13 24 35 

0 1 2 3 14 25 36 

0 1 2 3 4 15 26 37 

0 1 2 3 4 5 16 27 38 

0 1 2 3 4 5 6 17 28 39 

0 10 20 30 40 

0 10 20 30 41 

0 10 20 31 42 

0 10 21 32 43 

0 11 22 33 44 

0 1 12 23 34 45 

0 1 2 13 24 35 46 

0 1 2 3 14 25 36 47 

0 1 2 3 4 15 26 37 48 

0 1 2 3 4 5 16 27 38 49 

0 10 20 30 40 50 

0 10 20 30 40 51 

0 10 20 30 41 52 

0 10 20 31 42 53 

0 10 21 32 43 54 

0 11 22 33 44 55 

0 1 12 23 34 45 56 

0 1 2 13 24 35 46 57 

0 1 2 3 14 25 36 47 58 

0 1 2 3 4 15 26 37 48 59 

0 10 20 30 40 50 60 

0 10 20 30 40 50 61 

0 10 20 30 40 51 62 

0 10 20 30 41 52 63 

0 10 20 31 42 53 64 

0 10 21 32 43 54 65 

0 11 22 33 44 55 66 

0 1 12 23 34 45 56 67 

0 1 2 13 24 35 46 57 68 

0 1 2 3 14 25 36 47 58 69 

0 10 20 30 40 50 60 70 

0 10 20 30 40 50 60 71 

0 10 20 30 40 50 61 72 

0 10 20 30 40 51 62 73 

0 10 20 30 41 52 63 74 

0 10 20 31 42 53 64 75 

0 10 21 32 43 54 65 76 

0 11 22 33 44 55 66 77 

0 1 12 23 34 45 56 67 78 

0 1 2 13 24 35 46 57 68 79 

0 10 20 30 40 50 60 70 80 

0 10 20 30 40 50 60 70 81 

0 10 20 30 40 50 60 71 82 

0 10 20 30 40 50 61 72 83 

0 10 20 30 40 51 62 73 84 

0 10 20 30 41 52 63 74 85 

0 10 20 31 42 53 64 75 86 

0 10 21 32 43 54 65 76 87 

0 11 22 33 44 55 66 77 88 

0 1 12 23 34 45 56 67 78 89 

0 10 20 30 40 50 60 70 80 90 

0 10 20 30 40 50 60 70 80 91 

0 10 20 30 40 50 60 70 81 92 

0 10 20 30 40 50 60 71 82 93 

0 10 20 30 40 50 61 72 83 94 

0 10 20 30 40 51 62 73 84 95 

0 10 20 30 41 52 63 74 85 96 

0 10 20 31 42 53 64 75 86 97 

0 10 21 32 43 54 65 76 87 98 

0 11 22 33 44 55 66 77 88 99 

0 11 22 33 44 55 66 77 88 99 

-1 

-1 

-1 

-1 

5 14 23 33 44 55 66 77 88 99 

-1 

-1 

-1 

-1 

-1 

-1 

-1 

-1 

-1 

-1 

-1 

-1 

18 27 36 45 55 66 77 88 99 

-1 

-1 

-1 

-1 

-1 

-1 

-1 

-1 

-1 

-1 

-1 

-1 

-1 

-1 

-1 

-1 

-1 

-1 

-1 

-1 

-1 

-1 

-1 

-1 

-1 

-1 

-1 

-1 

-1 

-1 

-1 

-1 

51 52 53 54 55 66 77 88 99 

-1 

-1 

-1 

55 66 77 88 99 

-1 

-1 

-1 

59 68 77 88 99 

60 61 62 63 64 65 66 77 88 99 

-1 

-1 

-1 

-1 

-1 

-1 

-1 

-1 

-1 

70 71 72 73 74 75 76 77 88 99 

-1 

-1 

-1 

-1 

-1 

-1 

-1 

-1 

-1 

80 81 82 83 84 85 86 87 88 99 

-1 

-1 

-1 

-1 

-1 

-1 

-1 

-1 

-1 

-1 

-1 

-1 

-1 

-1 

-1 

-1 

-1 

-1 

-1 

0 10 20 30 40 51 

-1 

-1 

-1 

-1 

5 14 23 32 41 51 

-1 

-1 

-1 

-1 

-1 

-1 

-1 

-1 

-1 

-1 

-1 

-1 

-1 

-1 

-1 

-1 

-1 

-1 

-1 

-1 

-1 

-1 

-1 

-1 

-1 

-1 

-1 

-1 

-1 

-1 

-1 

-1 

-1 

-1 

-1 

-1 

-1 

-1 

-1 

-1 

-1 

-1 

-1 

-1 

-1 

51 

51 52 

51 52 53 

51 52 53 54 

51 52 53 54 55 

51 52 53 54 55 56 

51 52 53 54 55 56 57 

51 52 53 54 55 56 57 58 

51 52 53 54 55 56 57 58 59 

51 60 

51 61 

51 62 

51 52 63 

51 52 53 64 

51 52 53 54 65 

51 52 53 54 55 66 

51 52 53 54 55 56 67 

51 52 53 54 55 56 57 68 

51 52 53 54 55 56 57 58 69 

51 60 70 

51 60 71 

51 61 72 

51 62 73 

51 52 63 74 

51 52 53 64 75 

51 52 53 54 65 76 

51 52 53 54 55 66 77 

51 52 53 54 55 56 67 78 

51 52 53 54 55 56 57 68 79 

51 60 70 80 

51 60 70 81 

51 60 71 82 

51 61 72 83 

51 62 73 84 

51 52 63 74 85 

51 52 53 64 75 86 

51 52 53 54 65 76 87 

51 52 53 54 55 66 77 88 

51 52 53 54 55 56 67 78 89 

51 60 70 80 90 

51 60 70 80 91 

51 60 70 81 92 

51 60 71 82 93 

51 61 72 83 94 

51 62 73 84 95 

51 52 63 74 85 96 

51 52 53 64 75 86 97 

51 52 53 54 65 76 87 98 

51 52 53 54 55 66 77 88 99 

0 10 20 30 40 50 60 70 

-1 

-1 

-1 

-1 

5 14 23 32 41 50 60 70 

-1 

-1 

-1 

-1 

-1 

-1 

-1 

-1 

-1 

-1 

-1 

-1 

-1 

-1 

-1 

-1 

-1 

-1 

-1 

-1 

-1 

-1 

-1 

-1 

-1 

-1 

-1 

-1 

-1 

-1 

-1 

-1 

-1 

-1 

-1 

-1 

-1 

-1 

-1 

-1 

-1 

-1 

-1 

-1 

-1 

51 60 70 

-1 

-1 

-1 

-1 

-1 

-1 

-1 

-1 

60 70 

-1 

-1 

-1 

-1 

-1 

-1 

-1 

-1 

-1 

70 

70 71 

70 71 72 

70 71 72 73 

70 71 72 73 74 

70 71 72 73 74 75 

70 71 72 73 74 75 76 

70 71 72 73 74 75 76 77 

70 71 72 73 74 75 76 77 78 

70 71 72 73 74 75 76 77 78 79 

70 80 

70 81 

70 71 82 

70 71 72 83 

70 71 72 73 84 

70 71 72 73 74 85 

70 71 72 73 74 75 86 

70 71 72 73 74 75 76 87 

70 71 72 73 74 75 76 77 88 

70 71 72 73 74 75 76 77 78 89 

70 80 90 

70 80 91 

70 81 92 

70 71 82 93 

70 71 72 83 94 

70 71 72 73 84 95 

70 71 72 73 74 85 96 

70 71 72 73 74 75 86 97 

70 71 72 73 74 75 76 87 98 

70 71 72 73 74 75 76 77 88 99 

0 10 20 30 40 50 60 70 80 

-1 

-1 

-1 

-1 

5 14 23 32 41 50 60 70 80 

-1 

-1 

-1 

-1 

-1 

-1 

-1 

-1 

-1 

-1 

-1 

-1 

-1 

-1 

-1 

-1 

-1 

-1 

-1 

-1 

-1 

-1 

-1 

-1 

-1 

-1 

-1 

-1 

-1 

-1 

-1 

-1 

-1 

-1 

-1 

-1 

-1 

-1 

-1 

-1 

-1 

-1 

-1 

-1 

-1 

51 60 70 80 

-1 

-1 

-1 

-1 

-1 

-1 

-1 

-1 

60 70 80 

-1 

-1 

-1 

-1 

-1 

-1 

-1 

-1 

-1 

70 80 

-1 

-1 

-1 

-1 

-1 

-1 

-1 

-1 

-1 

80 

80 81 

80 81 82 

80 81 82 83 

80 81 82 83 84 

80 81 82 83 84 85 

80 81 82 83 84 85 86 

80 81 82 83 84 85 86 87 

80 81 82 83 84 85 86 87 88 

80 81 82 83 84 85 86 87 88 89 

80 90 

80 91 

80 81 92 

80 81 82 93 

80 81 82 83 94 

80 81 82 83 84 95 

80 81 82 83 84 85 96 

80 81 82 83 84 85 86 97 

80 81 82 83 84 85 86 87 98 

80 81 82 83 84 85 86 87 88 99 

0 1 2 3 4 5 6 7 18 

-1 

-1 

-1 

-1 

5 6 7 18 

-1 

-1 

-1 

-1 

-1 

-1 

-1 

-1 

-1 

-1 

-1 

-1 

18 

18 19 

-1 

-1 

-1 

-1 

-1 

-1 

-1 

18 27 

18 28 

18 29 

-1 

-1 

-1 

-1 

-1 

-1 

18 27 36 

18 27 37 

18 27 38 

18 28 39 

-1 

-1 

-1 

-1 

-1 

18 27 36 45 

18 27 36 46 

18 27 36 47 

18 27 37 48 

18 27 38 49 

-1 

-1 

-1 

-1 

18 27 36 45 54 

18 27 36 45 55 

18 27 36 45 56 

18 27 36 46 57 

18 27 36 47 58 

18 27 37 48 59 

-1 

-1 

-1 

18 27 36 45 54 63 

18 27 36 45 54 64 

18 27 36 45 54 65 

18 27 36 45 55 66 

18 27 36 45 56 67 

18 27 36 46 57 68 

18 27 36 47 58 69 

-1 

-1 

18 27 36 45 54 63 72 

18 27 36 45 54 63 73 

18 27 36 45 54 63 74 

18 27 36 45 54 64 75 

18 27 36 45 54 65 76 

18 27 36 45 55 66 77 

18 27 36 45 56 67 78 

18 27 36 46 57 68 79 

-1 

18 27 36 45 54 63 72 81 

18 27 36 45 54 63 72 82 

18 27 36 45 54 63 72 83 

18 27 36 45 54 63 73 84 

18 27 36 45 54 63 74 85 

18 27 36 45 54 64 75 86 

18 27 36 45 54 65 76 87 

18 27 36 45 55 66 77 88 

18 27 36 45 56 67 78 89 

18 27 36 45 54 63 72 81 90 

18 27 36 45 54 63 72 81 91 

18 27 36 45 54 63 72 81 92 

18 27 36 45 54 63 72 82 93 

18 27 36 45 54 63 72 83 94 

18 27 36 45 54 63 73 84 95 

18 27 36 45 54 63 74 85 96 

18 27 36 45 54 64 75 86 97 

18 27 36 45 54 65 76 87 98 

18 27 36 45 55 66 77 88 99 

0 11 22 33 44 55 

-1 

-1 

-1 

-1 

5 14 23 33 44 55 

-1 

-1 

-1 

-1 

-1 

-1 

-1 

-1 

-1 

-1 

-1 

-1 

18 27 36 45 55 

-1 

-1 

-1 

-1 

-1 

-1 

-1 

-1 

-1 

-1 

-1 

-1 

-1 

-1 

-1 

-1 

-1 

-1 

-1 

-1 

-1 

-1 

-1 

-1 

-1 

-1 

-1 

-1 

-1 

-1 

-1 

-1 

51 52 53 54 55 

-1 

-1 

-1 

55 

55 56 

55 56 57 

55 56 57 58 

55 56 57 58 59 

-1 

-1 

-1 

-1 

55 64 

55 65 

55 66 

55 56 67 

55 56 57 68 

55 56 57 58 69 

-1 

-1 

-1 

55 64 73 

55 64 74 

55 64 75 

55 65 76 

55 66 77 

55 56 67 78 

55 56 57 68 79 

-1 

-1 

55 64 73 82 

55 64 73 83 

55 64 73 84 

55 64 74 85 

55 64 75 86 

55 65 76 87 

55 66 77 88 

55 56 67 78 89 

-1 

55 64 73 82 91 

55 64 73 82 92 

55 64 73 82 93 

55 64 73 83 94 

55 64 73 84 95 

55 64 74 85 96 

55 64 75 86 97 

55 65 76 87 98 

55 66 77 88 99 

0 1 2 3 4 15 26 37 48 59 

-1 

-1 

-1 

-1 

5 15 26 37 48 59 

-1 

-1 

-1 

-1 

-1 

-1 

-1 

-1 

-1 

-1 

-1 

-1 

18 27 37 48 59 

-1 

-1 

-1 

-1 

-1 

-1 

-1 

-1 

-1 

-1 

-1 

-1 

-1 

-1 

-1 

-1 

-1 

-1 

-1 

-1 

-1 

-1 

-1 

-1 

-1 

-1 

-1 

-1 

-1 

-1 

-1 

-1 

51 52 53 54 55 56 57 58 59 

-1 

-1 

-1 

55 56 57 58 59 

-1 

-1 

-1 

59 

-1 

-1 

-1 

-1 

-1 

-1 

-1 

-1 

59 68 

59 69 

-1 

-1 

-1 

-1 

-1 

-1 

-1 

59 68 77 

59 68 78 

59 68 79 

-1 

-1 

-1 

-1 

-1 

-1 

59 68 77 86 

59 68 77 87 

59 68 77 88 

59 68 78 89 

-1 

-1 

-1 

-1 

-1 

59 68 77 86 95 

59 68 77 86 96 

59 68 77 86 97 

59 68 77 87 98 

59 68 77 88 99 

0 1 2 3 4 5 

-1 

-1 

-1 

-1 

5 

5 6 

5 6 7 

5 6 7 8 

5 6 7 8 9 

-1 

-1 

-1 

-1 

5 14 

5 15 

5 16 

5 6 17 

5 6 7 18 

5 6 7 8 19 

-1 

-1 

-1 

5 14 23 

5 14 24 

5 14 25 

5 15 26 

5 16 27 

5 6 17 28 

5 6 7 18 29 

-1 

-1 

5 14 23 32 

5 14 23 33 

5 14 23 34 

5 14 24 35 

5 14 25 36 

5 15 26 37 

5 16 27 38 

5 6 17 28 39 

-1 

5 14 23 32 41 

5 14 23 32 42 

5 14 23 32 43 

5 14 23 33 44 

5 14 23 34 45 

5 14 24 35 46 

5 14 25 36 47 

5 15 26 37 48 

5 16 27 38 49 

5 14 23 32 41 50 

5 14 23 32 41 51 

5 14 23 32 41 52 

5 14 23 32 42 53 

5 14 23 32 43 54 

5 14 23 33 44 55 

5 14 23 34 45 56 

5 14 24 35 46 57 

5 14 25 36 47 58 

5 15 26 37 48 59 

5 14 23 32 41 50 60 

5 14 23 32 41 50 61 

5 14 23 32 41 51 62 

5 14 23 32 41 52 63 

5 14 23 32 42 53 64 

5 14 23 32 43 54 65 

5 14 23 33 44 55 66 

5 14 23 34 45 56 67 

5 14 24 35 46 57 68 

5 14 25 36 47 58 69 

5 14 23 32 41 50 60 70 

5 14 23 32 41 50 60 71 

5 14 23 32 41 50 61 72 

5 14 23 32 41 51 62 73 

5 14 23 32 41 52 63 74 

5 14 23 32 42 53 64 75 

5 14 23 32 43 54 65 76 

5 14 23 33 44 55 66 77 

5 14 23 34 45 56 67 78 

5 14 24 35 46 57 68 79 

5 14 23 32 41 50 60 70 80 

5 14 23 32 41 50 60 70 81 

5 14 23 32 41 50 60 71 82 

5 14 23 32 41 50 61 72 83 

5 14 23 32 41 51 62 73 84 

5 14 23 32 41 52 63 74 85 

5 14 23 32 42 53 64 75 86 

5 14 23 32 43 54 65 76 87 

5 14 23 33 44 55 66 77 88 

5 14 23 34 45 56 67 78 89 

5 14 23 32 41 50 60 70 80 90 

5 14 23 32 41 50 60 70 80 91 

5 14 23 32 41 50 60 70 81 92 

5 14 23 32 41 50 60 71 82 93 

5 14 23 32 41 50 61 72 83 94 

5 14 23 32 41 51 62 73 84 95 

5 14 23 32 41 52 63 74 85 96 

5 14 23 32 42 53 64 75 86 97 

5 14 23 32 43 54 65 76 87 98 

5 14 23 33 44 55 66 77 88 99 

0 10 20 30 40 50 60 

-1 

-1 

-1 

-1 

5 14 23 32 41 50 60 

-1 

-1 

-1 

-1 

-1 

-1 

-1 

-1 

-1 

-1 

-1 

-1 

-1 

-1 

-1 

-1 

-1 

-1 

-1 

-1 

-1 

-1 

-1 

-1 

-1 

-1 

-1 

-1 

-1 

-1 

-1 

-1 

-1 

-1 

-1 

-1 

-1 

-1 

-1 

-1 

-1 

-1 

-1 

-1 

-1 

51 60 

-1 

-1 

-1 

-1 

-1 

-1 

-1 

-1 

60 

60 61 

60 61 62 

60 61 62 63 

60 61 62 63 64 

60 61 62 63 64 65 

60 61 62 63 64 65 66 

60 61 62 63 64 65 66 67 

60 61 62 63 64 65 66 67 68 

60 61 62 63 64 65 66 67 68 69 

60 70 

60 71 

60 61 72 

60 61 62 73 

60 61 62 63 74 

60 61 62 63 64 75 

60 61 62 63 64 65 76 

60 61 62 63 64 65 66 77 

60 61 62 63 64 65 66 67 78 

60 61 62 63 64 65 66 67 68 79 

60 70 80 

60 70 81 

60 71 82 

60 61 72 83 

60 61 62 73 84 

60 61 62 63 74 85 

60 61 62 63 64 75 86 

60 61 62 63 64 65 76 87 

60 61 62 63 64 65 66 77 88 

60 61 62 63 64 65 66 67 78 89 

60 70 80 90 

60 70 80 91 

60 70 81 92 

60 71 82 93 

60 61 72 83 94 

60 61 62 73 84 95 

60 61 62 63 74 85 96 

60 61 62 63 64 75 86 97 

60 61 62 63 64 65 76 87 98 

60 61 62 63 64 65 66 77 88 99 

0 to 51 
0 to 18 




51 to 18 
51 to 55 


70 to 18 
70 to 55 


80 to 18 
80 to 55 


18 to 55 
18 to 99 


55 to 99 


59 to 99 


5 to 51 
5 to 18 


60 to 18 
60 to 55 


