50,0,1 0,0,1 0,203,0.873084 50,203,0.871956 0001
0,0,1 0,50,1 203,50,0.888667 203,0,0.891877 0010
50,204,0.871646 0,204,0.872639 0,407,0.797368 50,407,0.795259 0102
0,358,0.816272 0,458,0.816272 203,661,0.723771 203,561,0.743823 0213
50,1020,0.595687 0,1020,0.595687 0,1223,0.567152 50,1223,0.567152 0506
0,970,0.61328 0,1070,0.61328 203,867,0.658162 203,767,0.705223 0514
0,1174,0.579685 0,1274,0.579685 203,1477,0.574003 203,1377,0.577462 0617
204,0,0.89152 204,50,0.88818 407,50,0.854605 407,0,0.855175 1020
254,612,0.727412 154,612,0.742859 154,815,0.679049 254,815,0.67954 1314
204,562,0.743542 204,662,0.723656 407,459,0.752351 407,359,0.781519 1322
254,816,0.679008 154,816,0.678715 154,1019,0.605287 254,1019,0.609108 1415
204,766,0.705314 204,866,0.65854 407,663,0.708399 407,563,0.727822 1423
254,1020,0.608512 154,1020,0.605384 154,1223,0.573438 254,1223,0.592727 1516
254,1224,0.592913 154,1224,0.573127 154,1427,0.568577 254,1427,0.584875 1617
204,1378,0.577728 204,1478,0.573685 407,1681,0.536222 407,1581,0.555502 1728
204,1786,0.509537 204,1886,0.48898 407,1683,0.535864 407,1583,0.555196 1928
408,0,0.85486 408,50,0.854163 611,50,0.784117 611,0,0.786833 2030
408,358,0.781602 408,458,0.752745 611,255,0.752538 611,155,0.778777 2231
408,562,0.72788 408,662,0.708395 611,459,0.740583 611,359,0.748057 2332
408,1582,0.555613 408,1682,0.5363 611,1479,0.581364 611,1379,0.568887 2837
612,0,0.786805 612,50,0.783728 815,50,0.720618 815,0,0.724667 3040
612,154,0.778672 612,254,0.752534 815,51,0.72051 815,0,0.724667 3140
612,358,0.748041 612,458,0.740718 815,255,0.72266 815,155,0.708974 3241
612,1378,0.568855 612,1478,0.581062 815,1275,0.567689 815,1175,0.585441 3746
816,0,0.723924 816,50,0.720168 1019,50,0.621034 1019,0,0.621034 4050
816,154,0.708531 816,254,0.722403 1019,51,0.62107 1019,0,0.62107 4150
816,1174,0.584976 816,1274,0.568026 1019,1071,0.58828 1019,971,0.607279 4655
816,1174,0.584976 816,1274,0.568026 1019,1477,0.533012 1019,1377,0.540903 4657
1020,0,0.620637 1020,50,0.620637 1223,50,0.596436 1223,0,0.596436 5060
1020,970,0.607838 1020,1070,0.588675 1223,1273,0.522068 1223,1173,0.537564 5566
1020,1378,0.540609 1020,1478,0.53304 1223,1275,0.521906 1223,1175,0.536806 5766
1224,0,0.596317 1224,50,0.596317 1427,50,0.549372 1427,0,0.549372 6070
1224,1174,0.53732 1224,1274,0.521699 1427,1477,0.436826 1427,1377,0.450676 6677
1428,0,0.549127 1428,50,0.549127 1631,253,0.539265 1631,153,0.525033 7081
1428,1378,0.449938 1428,1478,0.436609 1631,1681,0.322135 1631,1581,0.354799 7788
1632,1582,0.354031 1632,1682,0.32181 2047,2048,0.0483352 2047,1997,0.0483352 8899
