25,0,1 0,0,1 0,102,0.837035 25,102,0.834749 0001
25,102,0.834749 0,102,0.837035 0,204,0.764855 25,204,0.758263 0102
0,77,0.871543 0,127,0.871543 102,127,0.779896 102,77,0.823647 0111
0,179,0.777723 0,229,0.777723 102,229,0.715094 102,179,0.738601 0212
102,77,0.823647 102,127,0.779896 204,127,0.714415 204,77,0.748744 1121
102,179,0.738601 102,229,0.715094 204,229,0.683854 204,179,0.69462 1222
204,77,0.748744 204,127,0.714415 306,127,0.649911 306,77,0.681271 2131
204,179,0.69462 204,229,0.683854 306,229,0.627123 306,179,0.629783 2232
306,77,0.681271 306,127,0.649911 408,127,0.606245 408,77,0.627573 3141
306,179,0.629783 306,229,0.627123 408,229,0.602477 408,179,0.597299 3242
433,102,0.601642 383,102,0.625766 383,204,0.609899 433,204,0.594527 4142
408,77,0.627573 408,127,0.606245 510,127,0.545487 510,77,0.585442 4151
408,179,0.597299 408,229,0.602477 510,229,0.556114 510,179,0.547059 4252
510,77,0.585442 510,127,0.545487 612,127,0.532916 612,77,0.556534 5161
510,179,0.547059 510,229,0.556114 612,128,0.532915 612,78,0.556184 5261
510,179,0.547059 510,229,0.556114 612,229,0.515242 612,179,0.520751 5262
637,102,0.535066 587,102,0.556402 587,204,0.525881 637,204,0.514844 6162
612,179,0.520751 612,229,0.515242 714,229,0.507572 714,179,0.517694 6272
739,204,0.521767 689,204,0.515969 689,306,0.501515 739,306,0.503799 7273
739,306,0.503799 689,306,0.501515 689,408,0.51318 739,408,0.504885 7374
739,408,0.504885 689,408,0.51318 689,510,0.534572 739,510,0.533883 7475
739,510,0.533883 689,510,0.534572 689,612,0.480899 739,612,0.467735 7576
739,612,0.467735 689,612,0.480899 689,714,0.426828 739,714,0.411295 7677
739,714,0.411295 689,714,0.426828 689,816,0.379601 739,816,0.361496 7778
739,816,0.361496 689,816,0.379601 689,918,0.316217 739,918,0.301323 7879
714,893,0.321027 714,943,0.299395 816,943,0.262742 816,893,0.285507 7989
816,893,0.285507 816,943,0.262742 1024,1024,0.0753011 1024,998,0.0753011 8999
