0 : 5 0 1 
1 : 6 3 4 
2 : 7 0 5 
3 : 8 3 0 
4 : 11 0 2 
5 : 12 9 0 
6 : 12 0 11 
7 : 13 10 5 
8 : 13 4 10 
9 : 14 11 9 
10 : 15 2 9 
11 : 15 9 11 
12 : 16 13 5 
13 : 16 5 4 
14 : 16 4 13 
15 : 17 15 11 
16 : 17 2 15 
17 : 18 5 1 
18 : 18 4 5 
19 : 19 6 1 
20 : 19 3 6 
21 : 22 17 11 
22 : 23 4 7 
23 : 25 24 21 
24 : 25 21 2 
25 : 26 14 9 
26 : 26 9 12 
27 : 26 12 14 
28 : 27 14 12 
29 : 27 12 11 
30 : 27 11 14 
31 : 28 22 11 
32 : 28 11 2 
33 : 28 2 22 
34 : 29 9 3 
35 : 29 3 0 
36 : 29 0 9 
37 : 30 4 0 
38 : 30 0 7 
39 : 31 10 4 
40 : 31 4 23 
41 : 32 20 4 
42 : 33 1 3 
43 : 33 3 19 
44 : 34 8 0 
45 : 34 0 4 
46 : 34 4 8 
47 : 35 10 7 
48 : 35 7 5 
49 : 35 5 10 
50 : 36 6 4 
51 : 36 4 1 
52 : 37 20 8 
53 : 37 8 4 
54 : 37 4 20 
55 : 38 32 3 
56 : 38 3 20 
57 : 38 20 32 
58 : 39 32 4 
59 : 39 4 3 
60 : 39 3 32 
61 : 40 22 2 
62 : 40 2 17 
63 : 40 17 22 
64 : 41 24 3 
65 : 41 3 21 
66 : 41 21 24 
67 : 42 30 7 
68 : 42 7 4 
69 : 43 21 3 
70 : 43 3 9 
71 : 43 9 21 
72 : 44 36 1 
73 : 44 1 6 
74 : 44 6 36 
75 : 45 24 2 
76 : 45 2 3 
77 : 45 3 24 
78 : 46 31 23 
79 : 46 23 10 
80 : 46 10 31 
81 : 47 18 1 
82 : 47 1 4 
83 : 47 4 18 
84 : 48 20 3 
85 : 48 3 8 
86 : 48 8 20 
87 : 49 21 9 
88 : 49 9 2 
89 : 49 2 21 
90 : 50 25 2 
91 : 50 2 24 
92 : 50 24 25 
93 : 51 42 4 
94 : 51 4 30 
95 : 51 30 42 
96 : 52 23 7 
97 : 52 7 10 
98 : 52 10 23 
99 : 53 33 19 
100 : 53 19 1 
101 : 53 1 33 
( 0, 0 )
( 0, 2049 )
( 2049, 0 )
( 2049, 2049 )
( 918, 1373 )
( 185, 1431 )
( 1685, 1937 )
( 146, 422 )
( 414, 439 )
( 1156, 560 )
( 316, 1248 )
( 1360, 4 )
( 365, 128 )
( 574, 1347 )
( 935, 168 )
( 1309, 424 )
( 467, 1379 )
( 1374, 228 )
( 632, 1443 )
( 1645, 1974 )
( 602, 702 )
( 1392, 705 )
( 1792, 71 )
( 534, 1051 )
( 1843, 1015 )
( 1718, 727 )
( 971, 413 )
( 960, 140 )
( 1622, 30 )
( 604, 477 )
( 252, 380 )
( 608, 1155 )
( 863, 1141 )
( 1864, 2039 )
( 256, 295 )
( 183, 1062 )
( 1177, 1749 )
( 581, 723 )
( 1284, 1435 )
( 1544, 1671 )
( 1841, 62 )
( 1780, 1155 )
( 346, 643 )
( 1581, 1111 )
( 964, 1889 )
( 1986, 497 )
( 524, 1067 )
( 624, 1578 )
( 719, 768 )
( 1760, 292 )
( 1880, 616 )
( 509, 815 )
( 371, 1161 )
( 1675, 2035 )
0 2049 2049 4098 2291 1616 0 568 828 1716 0 1364 730 0 0 0 0 0 0 0 0 0 0 0 0 0 0 0 0 1208 504 0 0 0 512 0 0 0 0 0 0 0 0 0 0 0 0 0 0 0 0 0 0 0 

0 0 0 4098 2291 0 3622 0 0 0 0 0 0 0 0 0 0 0 0 1241 0 0 0 0 0 0 0 0 0 0 0 0 0 3903 0 0 305 0 0 0 0 0 0 0 0 0 0 0 0 0 0 0 0 1301 

0 0 0 0 0 0 0 0 0 263 0 671 0 0 0 0 0 0 0 0 0 0 1535 0 0 1387 0 0 1195 0 0 0 0 0 0 0 0 0 0 0 1633 0 0 0 0 1923 0 0 0 1471 1711 0 0 0 

0 0 0 0 0 0 0 0 0 0 0 0 0 0 0 0 0 0 0 0 0 0 0 0 0 0 0 0 0 0 0 0 0 0 0 0 0 0 0 0 0 0 0 0 0 0 0 0 0 0 0 0 0 0 

0 0 0 2262 0 0 1079 0 0 0 0 0 0 85 0 0 0 0 239 0 0 0 0 0 0 0 0 0 0 0 0 0 0 0 0 0 63 0 0 797 0 0 0 0 0 0 0 0 0 0 0 0 0 0 

0 1679 0 0 220 0 0 0 0 0 1194 0 0 0 0 0 0 0 1705 0 0 0 0 0 0 0 0 0 0 0 0 0 0 0 0 0 0 0 0 0 0 0 0 0 0 0 0 0 0 0 0 0 0 0 

0 0 0 476 0 0 0 0 0 0 0 0 0 0 0 0 0 0 0 249 0 0 0 0 0 0 0 0 0 0 0 0 0 0 0 0 0 0 0 0 0 0 0 0 0 0 0 0 0 0 0 0 0 0 

0 0 0 0 1999 1324 0 0 0 0 1272 0 0 0 0 0 0 0 0 0 0 0 0 500 0 0 0 0 0 0 0 0 0 0 0 0 0 0 0 0 0 0 124 0 0 0 0 0 0 0 0 0 174 0 

0 0 0 3245 1463 0 0 0 0 0 0 0 0 0 0 0 0 0 0 0 476 0 0 0 0 0 0 0 0 0 0 0 0 0 0 0 0 309 0 0 0 0 0 0 0 0 0 0 585 0 0 0 0 0 

0 0 0 2382 0 0 0 0 0 0 0 0 0 0 154 902 0 0 0 0 0 1068 0 0 0 0 226 0 0 0 0 0 0 0 0 0 0 0 0 0 0 0 0 1446 0 0 0 0 0 1804 0 0 0 0 

0 0 0 0 1659 0 0 0 0 0 0 0 0 1289 0 0 0 0 0 0 0 0 0 953 0 0 0 0 0 0 0 1131 0 0 0 613 0 0 0 0 0 0 0 0 0 0 0 0 0 0 0 0 0 0 

0 0 0 0 0 0 0 0 0 948 0 0 0 0 0 1254 0 1384 0 0 0 0 2220 0 0 0 0 556 1880 0 0 0 0 0 0 0 0 0 0 0 0 0 0 0 0 0 0 0 0 0 0 0 0 0 

0 0 0 0 0 0 0 0 0 1819 0 634 0 0 1377 0 0 0 0 0 0 0 0 0 0 0 1449 1427 0 0 0 0 0 0 0 0 0 0 0 0 0 0 0 0 0 0 0 0 0 0 0 0 0 0 

0 0 0 0 0 468 0 0 0 0 0 0 0 0 0 0 698 0 0 0 0 0 0 0 0 0 0 0 0 0 0 0 0 0 0 0 0 0 0 0 0 0 0 0 0 0 0 0 0 0 0 0 0 0 

0 0 0 0 0 0 0 0 0 0 0 1617 0 0 0 0 0 0 0 0 0 0 0 0 0 0 0 0 0 0 0 0 0 0 0 0 0 0 0 0 0 0 0 0 0 0 0 0 0 0 0 0 0 0 

0 0 2365 0 0 0 0 0 0 0 0 0 0 0 0 0 0 0 0 0 0 0 0 0 0 0 0 0 0 0 0 0 0 0 0 0 0 0 0 0 0 0 0 0 0 0 0 0 0 0 0 0 0 0 

0 0 0 0 1357 682 0 0 0 0 0 0 0 0 0 0 0 0 0 0 0 0 0 0 0 0 0 0 0 0 0 0 0 0 0 0 0 0 0 0 0 0 0 0 0 0 0 0 0 0 0 0 0 0 

0 0 2496 0 0 0 0 0 0 0 0 0 0 0 0 1016 0 0 0 0 0 0 0 0 0 0 0 0 0 0 0 0 0 0 0 0 0 0 0 0 2080 0 0 0 0 0 0 0 0 0 0 0 0 0 

0 785 0 0 0 0 0 0 0 0 0 0 0 0 0 0 0 0 0 0 0 0 0 0 0 0 0 0 0 0 0 0 0 0 0 0 0 0 0 0 0 0 0 0 0 0 0 938 0 0 0 0 0 0 

0 0 0 479 0 0 0 0 0 0 0 0 0 0 0 0 0 0 0 0 0 0 0 0 0 0 0 0 0 0 0 0 0 109 0 0 0 0 0 0 0 0 0 0 0 0 0 0 0 0 0 0 0 0 

0 0 0 2894 532 0 0 0 0 0 0 0 0 0 0 0 0 0 0 0 0 0 0 0 0 0 0 0 0 0 0 0 800 0 0 0 0 100 1264 0 0 0 0 0 0 0 0 0 283 0 0 0 0 0 

0 0 2001 1314 0 0 0 0 0 0 0 0 0 0 0 0 0 0 0 0 0 0 0 0 74 1339 0 0 0 0 0 0 0 0 0 0 0 0 0 0 0 1463 0 0 0 0 0 0 0 0 0 0 0 0 

0 0 0 0 0 0 0 0 0 0 0 0 0 0 0 0 0 885 0 0 0 0 0 0 0 0 0 0 0 0 0 0 0 0 0 0 0 0 0 0 0 0 0 0 0 0 0 0 0 0 0 0 0 0 

0 0 0 0 251 0 0 0 0 0 0 0 0 0 0 0 0 0 0 0 0 0 0 0 0 0 0 0 0 0 0 0 0 0 0 0 0 0 0 0 0 0 0 0 0 0 0 0 0 0 0 0 464 0 

0 0 1240 1240 0 0 0 0 0 0 0 0 0 0 0 0 0 0 0 0 0 0 0 0 0 0 0 0 0 0 0 0 0 0 0 0 0 0 0 0 0 0 0 0 0 0 0 0 0 0 902 0 0 0 

0 0 0 0 0 0 0 0 0 0 0 0 0 0 0 0 0 0 0 0 0 0 0 0 1241 0 0 0 0 0 0 0 0 0 0 0 0 0 0 0 0 0 0 0 0 0 0 0 0 0 0 0 0 0 

0 0 0 0 0 0 0 0 0 0 0 0 0 0 486 0 0 0 0 0 0 0 0 0 0 0 0 0 0 0 0 0 0 0 0 0 0 0 0 0 0 0 0 0 0 0 0 0 0 0 0 0 0 0 

0 0 0 0 0 0 0 0 0 0 0 0 0 0 770 0 0 0 0 0 0 0 0 0 0 0 0 0 0 0 0 0 0 0 0 0 0 0 0 0 0 0 0 0 0 0 0 0 0 0 0 0 0 0 

0 0 0 0 0 0 0 0 0 0 0 0 0 0 0 0 0 0 0 0 0 0 1932 0 0 0 0 0 0 0 0 0 0 0 0 0 0 0 0 0 0 0 0 0 0 0 0 0 0 0 0 0 0 0 

0 0 0 2890 0 0 0 0 0 1231 0 0 0 0 0 0 0 0 0 0 0 0 0 0 0 0 0 0 0 0 0 0 0 0 0 0 0 0 0 0 0 0 0 0 0 0 0 0 0 0 0 0 0 0 

0 0 0 0 1204 0 0 64 0 0 0 0 0 0 0 0 0 0 0 0 0 0 0 0 0 0 0 0 0 0 0 0 0 0 0 0 0 0 0 0 0 0 485 0 0 0 0 0 0 0 0 386 0 0 

0 0 0 0 1075 0 0 0 0 0 0 0 0 0 0 0 0 0 0 0 0 0 0 369 0 0 0 0 0 0 0 0 0 0 0 0 0 0 0 0 0 0 0 0 0 0 375 0 0 0 0 0 0 0 

0 0 0 2094 565 0 0 0 0 0 0 0 0 0 0 0 0 0 0 0 0 0 0 0 0 0 0 0 0 0 0 0 0 0 0 0 0 0 993 1489 0 0 0 0 0 0 0 0 0 0 0 0 0 0 

0 0 0 370 0 0 0 0 0 0 0 0 0 0 0 0 0 0 0 0 0 0 0 0 0 0 0 0 0 0 0 0 0 0 0 0 0 0 0 0 0 0 0 0 0 0 0 0 0 0 0 0 0 0 

0 0 0 0 1779 0 0 0 277 0 0 0 0 0 0 0 0 0 0 0 0 0 0 0 0 0 0 0 0 0 0 0 0 0 0 0 0 0 0 0 0 0 0 0 0 0 0 0 0 0 0 0 0 0 

0 0 0 0 0 1250 0 202 0 0 0 0 0 0 0 0 0 0 0 0 0 0 0 0 0 0 0 0 0 0 0 0 0 0 0 0 0 0 0 0 0 0 0 0 0 0 0 0 0 0 0 0 0 0 

0 0 0 0 0 0 444 0 0 0 0 0 0 0 0 0 0 0 0 0 0 0 0 0 0 0 0 0 0 0 0 0 0 0 0 0 0 0 0 0 0 0 0 0 499 0 0 0 0 0 0 0 0 0 

0 0 0 0 1129 0 0 0 0 0 0 0 0 0 0 0 0 0 0 0 0 0 0 0 0 0 0 0 0 0 0 0 0 0 0 0 0 0 0 0 0 0 0 0 0 0 0 0 0 0 0 0 0 0 

0 0 0 1530 0 0 0 0 0 0 0 0 0 0 0 0 0 0 0 0 0 0 0 0 0 0 0 0 0 0 0 0 0 0 0 0 0 0 0 0 0 0 0 0 0 0 0 0 0 0 0 0 0 0 

0 0 0 1010 0 0 0 0 0 0 0 0 0 0 0 0 0 0 0 0 0 0 0 0 0 0 0 0 0 0 0 0 0 0 0 0 0 0 0 0 0 0 0 0 0 0 0 0 0 0 0 0 0 0 

0 0 0 0 0 0 0 0 0 0 0 0 0 0 0 0 0 0 0 0 0 0 1681 0 0 0 0 0 0 0 0 0 0 0 0 0 0 0 0 0 0 0 0 0 0 0 0 0 0 0 0 0 0 0 

0 0 0 538 0 0 0 0 0 0 0 0 0 0 0 0 0 0 0 0 0 0 0 0 751 0 0 0 0 0 0 0 0 0 0 0 0 0 0 0 0 0 0 0 0 0 0 0 0 0 0 0 0 0 

0 0 0 0 1599 0 0 0 0 0 0 0 0 0 0 0 0 0 0 0 0 0 0 0 0 0 0 0 0 0 0 0 0 0 0 0 0 0 0 0 0 0 0 0 0 0 0 0 0 0 0 632 0 0 

0 0 0 936 0 0 0 0 0 0 0 0 0 0 0 0 0 0 0 0 0 92 0 0 0 0 0 0 0 0 0 0 0 0 0 0 0 0 0 0 0 0 0 0 0 0 0 0 0 0 0 0 0 0 

0 121 0 0 0 0 1694 0 0 0 0 0 0 0 0 0 0 0 0 0 0 0 0 0 0 0 0 0 0 0 0 0 0 0 0 0 0 0 0 0 0 0 0 0 0 0 0 0 0 0 0 0 0 0 

0 0 0 126 0 0 0 0 0 0 0 0 0 0 0 0 0 0 0 0 0 0 0 0 1203 0 0 0 0 0 0 0 0 0 0 0 0 0 0 0 0 0 0 0 0 0 0 0 0 0 0 0 0 0 

0 0 0 0 0 0 0 0 0 0 516 0 0 0 0 0 0 0 0 0 0 0 0 537 0 0 0 0 0 0 0 0 0 0 0 0 0 0 0 0 0 0 0 0 0 0 0 0 0 0 0 0 0 0 

0 801 0 0 1043 0 0 0 0 0 0 0 0 0 0 0 0 0 0 0 0 0 0 0 0 0 0 0 0 0 0 0 0 0 0 0 0 0 0 0 0 0 0 0 0 0 0 0 0 0 0 0 0 0 

0 0 0 2660 0 0 0 0 0 0 0 0 0 0 0 0 0 0 0 0 0 0 0 0 0 0 0 0 0 0 0 0 0 0 0 0 0 0 0 0 0 0 0 0 0 0 0 0 0 0 0 0 0 0 

0 0 0 0 0 0 0 0 0 0 0 0 0 0 0 0 0 0 0 0 0 732 0 0 0 0 0 0 0 0 0 0 0 0 0 0 0 0 0 0 0 0 0 0 0 0 0 0 0 0 0 0 0 0 

0 0 0 0 0 0 0 0 0 0 0 0 0 0 0 0 0 0 0 0 0 0 0 0 0 940 0 0 0 0 0 0 0 0 0 0 0 0 0 0 0 0 0 0 0 0 0 0 0 0 0 0 0 0 

0 0 0 0 1273 0 0 0 0 0 0 0 0 0 0 0 0 0 0 0 0 0 0 0 0 0 0 0 0 0 0 0 0 0 0 0 0 0 0 0 0 0 0 0 0 0 0 0 0 0 0 0 0 0 

0 0 0 0 0 0 0 0 0 0 822 0 0 0 0 0 0 0 0 0 0 0 0 0 0 0 0 0 0 0 0 0 0 0 0 0 0 0 0 0 0 0 0 0 0 0 0 0 0 0 0 0 0 0 

0 0 0 0 0 0 0 0 0 0 0 0 0 0 0 0 0 0 0 269 0 0 0 0 0 0 0 0 0 0 0 0 0 18 0 0 0 0 0 0 0 0 0 0 0 0 0 0 0 0 0 0 0 0 

