0 to 0 : 0 

0 to 1 : 0 1 

0 to 2 : 0 1 2 

0 to 3 : 0 1 2 3 

0 to 4 : 0 1 2 3 4 

0 to 5 : 0 1 2 3 4 5 

0 to 6 : 0 1 2 3 4 5 6 

0 to 7 : 0 1 2 3 4 5 6 7 

0 to 8 : 0 1 2 3 4 5 6 7 8 

0 to 9 : 0 1 2 3 4 5 6 7 8 9 

0 to 10 : 0 10 

0 to 11 : 0 11 

0 to 12 : 0 1 12 

0 to 13 : 0 1 2 13 

0 to 14 : 0 1 2 3 14 

0 to 15 : 0 1 2 3 4 15 

0 to 16 : 0 1 2 3 4 5 16 

0 to 17 : 0 1 2 3 4 5 6 17 

0 to 18 : 0 1 2 3 4 5 6 7 18 

0 to 19 : 0 1 2 3 4 5 6 7 8 19 

0 to 20 : 0 10 20 

0 to 21 : 0 10 21 

0 to 22 : 0 11 22 

0 to 23 : 0 1 12 23 

0 to 24 : 0 1 2 13 24 

0 to 25 : 0 1 2 3 14 25 

0 to 26 : 0 1 2 3 4 15 26 

0 to 27 : 0 1 2 3 4 5 16 27 

0 to 28 : 0 1 2 3 4 5 6 17 28 

0 to 29 : 0 1 2 3 4 5 6 7 18 29 

0 to 30 : 0 10 20 30 

0 to 31 : 0 10 20 31 

0 to 32 : 0 10 21 32 

0 to 33 : 0 11 22 33 

0 to 34 : 0 1 12 23 34 

0 to 35 : 0 1 2 13 24 35 

0 to 36 : 0 1 2 3 14 25 36 

0 to 37 : 0 1 2 3 4 15 26 37 

0 to 38 : 0 1 2 3 4 5 16 27 38 

0 to 39 : 0 1 2 3 4 5 6 17 28 39 

0 to 40 : 0 10 20 30 40 

0 to 41 : 0 10 20 30 41 

0 to 42 : 0 10 20 31 42 

0 to 43 : 0 10 21 32 43 

0 to 44 : 0 11 22 33 44 

0 to 45 : 0 1 12 23 34 45 

0 to 46 : 0 1 2 13 24 35 46 

0 to 47 : 0 1 2 3 14 25 36 47 

0 to 48 : 0 1 2 3 4 15 26 37 48 

0 to 49 : 0 1 2 3 4 5 16 27 38 49 

0 to 50 : 0 10 20 30 40 50 

0 to 51 : 0 10 20 30 40 51 

0 to 52 : 0 10 20 30 41 52 

0 to 53 : 0 10 20 31 42 53 

0 to 54 : 0 10 21 32 43 54 

0 to 55 : 0 11 22 33 44 55 

0 to 56 : 0 1 12 23 34 45 56 

0 to 57 : 0 1 2 13 24 35 46 57 

0 to 58 : 0 1 2 3 14 25 36 47 58 

0 to 59 : 0 1 2 3 4 15 26 37 48 59 

0 to 60 : 0 10 20 30 40 50 60 

0 to 61 : 0 10 20 30 40 50 61 

0 to 62 : 0 10 20 30 40 51 62 

0 to 63 : 0 10 20 30 41 52 63 

0 to 64 : 0 10 20 31 42 53 64 

0 to 65 : 0 10 21 32 43 54 65 

0 to 66 : 0 11 22 33 44 55 66 

0 to 67 : 0 1 12 23 34 45 56 67 

0 to 68 : 0 1 2 13 24 35 46 57 68 

0 to 69 : 0 1 2 3 14 25 36 47 58 69 

0 to 70 : 0 10 20 30 40 50 60 70 

0 to 71 : 0 10 20 30 40 50 60 71 

0 to 72 : 0 10 20 30 40 50 61 72 

0 to 73 : 0 10 20 30 40 51 62 73 

0 to 74 : 0 10 20 30 41 52 63 74 

0 to 75 : 0 10 20 31 42 53 64 75 

0 to 76 : 0 10 21 32 43 54 65 76 

0 to 77 : 0 11 22 33 44 55 66 77 

0 to 78 : 0 1 12 23 34 45 56 67 78 

0 to 79 : 0 1 2 13 24 35 46 57 68 79 

0 to 80 : 0 10 20 30 40 50 60 70 80 

0 to 81 : 0 10 20 30 40 50 60 70 81 

0 to 82 : 0 10 20 30 40 50 60 71 82 

0 to 83 : 0 10 20 30 40 50 61 72 83 

0 to 84 : 0 10 20 30 40 51 62 73 84 

0 to 85 : 0 10 20 30 41 52 63 74 85 

0 to 86 : 0 10 20 31 42 53 64 75 86 

0 to 87 : 0 10 21 32 43 54 65 76 87 

0 to 88 : 0 11 22 33 44 55 66 77 88 

0 to 89 : 0 1 12 23 34 45 56 67 78 89 

0 to 90 : 0 10 20 30 40 50 60 70 80 90 

0 to 91 : 0 10 20 30 40 50 60 70 80 91 

0 to 92 : 0 10 20 30 40 50 60 70 81 92 

0 to 93 : 0 10 20 30 40 50 60 71 82 93 

0 to 94 : 0 10 20 30 40 50 61 72 83 94 

0 to 95 : 0 10 20 30 40 51 62 73 84 95 

0 to 96 : 0 10 20 30 41 52 63 74 85 96 

0 to 97 : 0 10 20 31 42 53 64 75 86 97 

0 to 98 : 0 10 21 32 43 54 65 76 87 98 

0 to 99 : 0 11 22 33 44 55 66 77 88 99 

99 to 0 : 0 11 22 33 44 55 66 77 88 99 

99 to 1 : -1 

99 to 2 : -1 

99 to 3 : -1 

99 to 4 : 4 13 22 33 44 55 66 77 88 99 

99 to 5 : -1 

99 to 6 : -1 

99 to 7 : -1 

99 to 8 : -1 

99 to 9 : -1 

99 to 10 : -1 

99 to 11 : -1 

99 to 12 : -1 

99 to 13 : 13 22 33 44 55 66 77 88 99 

99 to 14 : -1 

99 to 15 : -1 

99 to 16 : -1 

99 to 17 : -1 

99 to 18 : -1 

99 to 19 : -1 

99 to 20 : -1 

99 to 21 : -1 

99 to 22 : -1 

99 to 23 : -1 

99 to 24 : -1 

99 to 25 : -1 

99 to 26 : 26 35 44 55 66 77 88 99 

99 to 27 : -1 

99 to 28 : -1 

99 to 29 : -1 

99 to 30 : -1 

99 to 31 : -1 

99 to 32 : -1 

99 to 33 : -1 

99 to 34 : -1 

99 to 35 : -1 

99 to 36 : -1 

99 to 37 : -1 

99 to 38 : -1 

99 to 39 : -1 

99 to 40 : -1 

99 to 41 : -1 

99 to 42 : -1 

99 to 43 : -1 

99 to 44 : -1 

99 to 45 : -1 

99 to 46 : -1 

99 to 47 : -1 

99 to 48 : -1 

99 to 49 : -1 

99 to 50 : -1 

99 to 51 : -1 

99 to 52 : -1 

99 to 53 : -1 

99 to 54 : -1 

99 to 55 : 55 66 77 88 99 

99 to 56 : -1 

99 to 57 : -1 

99 to 58 : -1 

99 to 59 : -1 

99 to 60 : -1 

99 to 61 : -1 

99 to 62 : -1 

99 to 63 : -1 

99 to 64 : -1 

99 to 65 : -1 

99 to 66 : -1 

99 to 67 : -1 

99 to 68 : -1 

99 to 69 : -1 

99 to 70 : 70 71 72 73 74 75 76 77 88 99 

99 to 71 : -1 

99 to 72 : -1 

99 to 73 : -1 

99 to 74 : -1 

99 to 75 : -1 

99 to 76 : -1 

99 to 77 : -1 

99 to 78 : -1 

99 to 79 : 79 88 99 

99 to 80 : -1 

99 to 81 : -1 

99 to 82 : -1 

99 to 83 : -1 

99 to 84 : 84 85 86 87 88 99 

99 to 85 : -1 

99 to 86 : -1 

99 to 87 : -1 

99 to 88 : -1 

99 to 89 : -1 

99 to 90 : 90 91 92 93 94 95 96 97 98 99 

99 to 91 : -1 

99 to 92 : -1 

99 to 93 : -1 

99 to 94 : -1 

99 to 95 : -1 

99 to 96 : -1 

99 to 97 : -1 

99 to 98 : -1 

99 to 99 : -1 

84 to 0 : 0 10 20 30 40 51 62 73 84 

84 to 1 : -1 

84 to 2 : -1 

84 to 3 : -1 

84 to 4 : 4 13 22 31 40 51 62 73 84 

84 to 5 : -1 

84 to 6 : -1 

84 to 7 : -1 

84 to 8 : -1 

84 to 9 : -1 

84 to 10 : -1 

84 to 11 : -1 

84 to 12 : -1 

84 to 13 : 13 22 31 40 51 62 73 84 

84 to 14 : -1 

84 to 15 : -1 

84 to 16 : -1 

84 to 17 : -1 

84 to 18 : -1 

84 to 19 : -1 

84 to 20 : -1 

84 to 21 : -1 

84 to 22 : -1 

84 to 23 : -1 

84 to 24 : -1 

84 to 25 : -1 

84 to 26 : 26 35 44 53 62 73 84 

84 to 27 : -1 

84 to 28 : -1 

84 to 29 : -1 

84 to 30 : -1 

84 to 31 : -1 

84 to 32 : -1 

84 to 33 : -1 

84 to 34 : -1 

84 to 35 : -1 

84 to 36 : -1 

84 to 37 : -1 

84 to 38 : -1 

84 to 39 : -1 

84 to 40 : -1 

84 to 41 : -1 

84 to 42 : -1 

84 to 43 : -1 

84 to 44 : -1 

84 to 45 : -1 

84 to 46 : -1 

84 to 47 : -1 

84 to 48 : -1 

84 to 49 : -1 

84 to 50 : -1 

84 to 51 : -1 

84 to 52 : -1 

84 to 53 : -1 

84 to 54 : -1 

84 to 55 : 55 64 73 84 

84 to 56 : -1 

84 to 57 : -1 

84 to 58 : -1 

84 to 59 : -1 

84 to 60 : -1 

84 to 61 : -1 

84 to 62 : -1 

84 to 63 : -1 

84 to 64 : -1 

84 to 65 : -1 

84 to 66 : -1 

84 to 67 : -1 

84 to 68 : -1 

84 to 69 : -1 

84 to 70 : 70 71 72 73 84 

84 to 71 : -1 

84 to 72 : -1 

84 to 73 : -1 

84 to 74 : -1 

84 to 75 : -1 

84 to 76 : -1 

84 to 77 : -1 

84 to 78 : -1 

84 to 79 : -1 

84 to 80 : -1 

84 to 81 : -1 

84 to 82 : -1 

84 to 83 : -1 

84 to 84 : 84 

84 to 85 : 84 85 

84 to 86 : 84 85 86 

84 to 87 : 84 85 86 87 

84 to 88 : 84 85 86 87 88 

84 to 89 : 84 85 86 87 88 89 

84 to 90 : -1 

84 to 91 : -1 

84 to 92 : -1 

84 to 93 : 84 93 

84 to 94 : 84 94 

84 to 95 : 84 95 

84 to 96 : 84 85 96 

84 to 97 : 84 85 86 97 

84 to 98 : 84 85 86 87 98 

84 to 99 : 84 85 86 87 88 99 

13 to 0 : 0 1 2 13 

13 to 1 : -1 

13 to 2 : -1 

13 to 3 : -1 

13 to 4 : 4 13 

13 to 5 : -1 

13 to 6 : -1 

13 to 7 : -1 

13 to 8 : -1 

13 to 9 : -1 

13 to 10 : -1 

13 to 11 : -1 

13 to 12 : -1 

13 to 13 : 13 

13 to 14 : 13 14 

13 to 15 : 13 14 15 

13 to 16 : 13 14 15 16 

13 to 17 : 13 14 15 16 17 

13 to 18 : 13 14 15 16 17 18 

13 to 19 : 13 14 15 16 17 18 19 

13 to 20 : -1 

13 to 21 : -1 

13 to 22 : 13 22 

13 to 23 : 13 23 

13 to 24 : 13 24 

13 to 25 : 13 14 25 

13 to 26 : 13 14 15 26 

13 to 27 : 13 14 15 16 27 

13 to 28 : 13 14 15 16 17 28 

13 to 29 : 13 14 15 16 17 18 29 

13 to 30 : -1 

13 to 31 : 13 22 31 

13 to 32 : 13 22 32 

13 to 33 : 13 22 33 

13 to 34 : 13 23 34 

13 to 35 : 13 24 35 

13 to 36 : 13 14 25 36 

13 to 37 : 13 14 15 26 37 

13 to 38 : 13 14 15 16 27 38 

13 to 39 : 13 14 15 16 17 28 39 

13 to 40 : 13 22 31 40 

13 to 41 : 13 22 31 41 

13 to 42 : 13 22 31 42 

13 to 43 : 13 22 32 43 

13 to 44 : 13 22 33 44 

13 to 45 : 13 23 34 45 

13 to 46 : 13 24 35 46 

13 to 47 : 13 14 25 36 47 

13 to 48 : 13 14 15 26 37 48 

13 to 49 : 13 14 15 16 27 38 49 

13 to 50 : 13 22 31 40 50 

13 to 51 : 13 22 31 40 51 

13 to 52 : 13 22 31 41 52 

13 to 53 : 13 22 31 42 53 

13 to 54 : 13 22 32 43 54 

13 to 55 : 13 22 33 44 55 

13 to 56 : 13 23 34 45 56 

13 to 57 : 13 24 35 46 57 

13 to 58 : 13 14 25 36 47 58 

13 to 59 : 13 14 15 26 37 48 59 

13 to 60 : 13 22 31 40 50 60 

13 to 61 : 13 22 31 40 50 61 

13 to 62 : 13 22 31 40 51 62 

13 to 63 : 13 22 31 41 52 63 

13 to 64 : 13 22 31 42 53 64 

13 to 65 : 13 22 32 43 54 65 

13 to 66 : 13 22 33 44 55 66 

13 to 67 : 13 23 34 45 56 67 

13 to 68 : 13 24 35 46 57 68 

13 to 69 : 13 14 25 36 47 58 69 

13 to 70 : 13 22 31 40 50 60 70 

13 to 71 : 13 22 31 40 50 60 71 

13 to 72 : 13 22 31 40 50 61 72 

13 to 73 : 13 22 31 40 51 62 73 

13 to 74 : 13 22 31 41 52 63 74 

13 to 75 : 13 22 31 42 53 64 75 

13 to 76 : 13 22 32 43 54 65 76 

13 to 77 : 13 22 33 44 55 66 77 

13 to 78 : 13 23 34 45 56 67 78 

13 to 79 : 13 24 35 46 57 68 79 

13 to 80 : 13 22 31 40 50 60 70 80 

13 to 81 : 13 22 31 40 50 60 70 81 

13 to 82 : 13 22 31 40 50 60 71 82 

13 to 83 : 13 22 31 40 50 61 72 83 

13 to 84 : 13 22 31 40 51 62 73 84 

13 to 85 : 13 22 31 41 52 63 74 85 

13 to 86 : 13 22 31 42 53 64 75 86 

13 to 87 : 13 22 32 43 54 65 76 87 

13 to 88 : 13 22 33 44 55 66 77 88 

13 to 89 : 13 23 34 45 56 67 78 89 

13 to 90 : 13 22 31 40 50 60 70 80 90 

13 to 91 : 13 22 31 40 50 60 70 80 91 

13 to 92 : 13 22 31 40 50 60 70 81 92 

13 to 93 : 13 22 31 40 50 60 71 82 93 

13 to 94 : 13 22 31 40 50 61 72 83 94 

13 to 95 : 13 22 31 40 51 62 73 84 95 

13 to 96 : 13 22 31 41 52 63 74 85 96 

13 to 97 : 13 22 31 42 53 64 75 86 97 

13 to 98 : 13 22 32 43 54 65 76 87 98 

13 to 99 : 13 22 33 44 55 66 77 88 99 

26 to 0 : 0 1 2 3 4 15 26 

26 to 1 : -1 

26 to 2 : -1 

26 to 3 : -1 

26 to 4 : 4 15 26 

26 to 5 : -1 

26 to 6 : -1 

26 to 7 : -1 

26 to 8 : -1 

26 to 9 : -1 

26 to 10 : -1 

26 to 11 : -1 

26 to 12 : -1 

26 to 13 : 13 14 15 26 

26 to 14 : -1 

26 to 15 : -1 

26 to 16 : -1 

26 to 17 : -1 

26 to 18 : -1 

26 to 19 : -1 

26 to 20 : -1 

26 to 21 : -1 

26 to 22 : -1 

26 to 23 : -1 

26 to 24 : -1 

26 to 25 : -1 

26 to 26 : 26 

26 to 27 : 26 27 

26 to 28 : 26 27 28 

26 to 29 : 26 27 28 29 

26 to 30 : -1 

26 to 31 : -1 

26 to 32 : -1 

26 to 33 : -1 

26 to 34 : -1 

26 to 35 : 26 35 

26 to 36 : 26 36 

26 to 37 : 26 37 

26 to 38 : 26 27 38 

26 to 39 : 26 27 28 39 

26 to 40 : -1 

26 to 41 : -1 

26 to 42 : -1 

26 to 43 : -1 

26 to 44 : 26 35 44 

26 to 45 : 26 35 45 

26 to 46 : 26 35 46 

26 to 47 : 26 36 47 

26 to 48 : 26 37 48 

26 to 49 : 26 27 38 49 

26 to 50 : -1 

26 to 51 : -1 

26 to 52 : -1 

26 to 53 : 26 35 44 53 

26 to 54 : 26 35 44 54 

26 to 55 : 26 35 44 55 

26 to 56 : 26 35 45 56 

26 to 57 : 26 35 46 57 

26 to 58 : 26 36 47 58 

26 to 59 : 26 37 48 59 

26 to 60 : -1 

26 to 61 : -1 

26 to 62 : 26 35 44 53 62 

26 to 63 : 26 35 44 53 63 

26 to 64 : 26 35 44 53 64 

26 to 65 : 26 35 44 54 65 

26 to 66 : 26 35 44 55 66 

26 to 67 : 26 35 45 56 67 

26 to 68 : 26 35 46 57 68 

26 to 69 : 26 36 47 58 69 

26 to 70 : -1 

26 to 71 : 26 35 44 53 62 71 

26 to 72 : 26 35 44 53 62 72 

26 to 73 : 26 35 44 53 62 73 

26 to 74 : 26 35 44 53 63 74 

26 to 75 : 26 35 44 53 64 75 

26 to 76 : 26 35 44 54 65 76 

26 to 77 : 26 35 44 55 66 77 

26 to 78 : 26 35 45 56 67 78 

26 to 79 : 26 35 46 57 68 79 

26 to 80 : 26 35 44 53 62 71 80 

26 to 81 : 26 35 44 53 62 71 81 

26 to 82 : 26 35 44 53 62 71 82 

26 to 83 : 26 35 44 53 62 72 83 

26 to 84 : 26 35 44 53 62 73 84 

26 to 85 : 26 35 44 53 63 74 85 

26 to 86 : 26 35 44 53 64 75 86 

26 to 87 : 26 35 44 54 65 76 87 

26 to 88 : 26 35 44 55 66 77 88 

26 to 89 : 26 35 45 56 67 78 89 

26 to 90 : 26 35 44 53 62 71 80 90 

26 to 91 : 26 35 44 53 62 71 80 91 

26 to 92 : 26 35 44 53 62 71 81 92 

26 to 93 : 26 35 44 53 62 71 82 93 

26 to 94 : 26 35 44 53 62 72 83 94 

26 to 95 : 26 35 44 53 62 73 84 95 

26 to 96 : 26 35 44 53 63 74 85 96 

26 to 97 : 26 35 44 53 64 75 86 97 

26 to 98 : 26 35 44 54 65 76 87 98 

26 to 99 : 26 35 44 55 66 77 88 99 

55 to 0 : 0 11 22 33 44 55 

55 to 1 : -1 

55 to 2 : -1 

55 to 3 : -1 

55 to 4 : 4 13 22 33 44 55 

55 to 5 : -1 

55 to 6 : -1 

55 to 7 : -1 

55 to 8 : -1 

55 to 9 : -1 

55 to 10 : -1 

55 to 11 : -1 

55 to 12 : -1 

55 to 13 : 13 22 33 44 55 

55 to 14 : -1 

55 to 15 : -1 

55 to 16 : -1 

55 to 17 : -1 

55 to 18 : -1 

55 to 19 : -1 

55 to 20 : -1 

55 to 21 : -1 

55 to 22 : -1 

55 to 23 : -1 

55 to 24 : -1 

55 to 25 : -1 

55 to 26 : 26 35 44 55 

55 to 27 : -1 

55 to 28 : -1 

55 to 29 : -1 

55 to 30 : -1 

55 to 31 : -1 

55 to 32 : -1 

55 to 33 : -1 

55 to 34 : -1 

55 to 35 : -1 

55 to 36 : -1 

55 to 37 : -1 

55 to 38 : -1 

55 to 39 : -1 

55 to 40 : -1 

55 to 41 : -1 

55 to 42 : -1 

55 to 43 : -1 

55 to 44 : -1 

55 to 45 : -1 

55 to 46 : -1 

55 to 47 : -1 

55 to 48 : -1 

55 to 49 : -1 

55 to 50 : -1 

55 to 51 : -1 

55 to 52 : -1 

55 to 53 : -1 

55 to 54 : -1 

55 to 55 : 55 

55 to 56 : 55 56 

55 to 57 : 55 56 57 

55 to 58 : 55 56 57 58 

55 to 59 : 55 56 57 58 59 

55 to 60 : -1 

55 to 61 : -1 

55 to 62 : -1 

55 to 63 : -1 

55 to 64 : 55 64 

55 to 65 : 55 65 

55 to 66 : 55 66 

55 to 67 : 55 56 67 

55 to 68 : 55 56 57 68 

55 to 69 : 55 56 57 58 69 

55 to 70 : -1 

55 to 71 : -1 

55 to 72 : -1 

55 to 73 : 55 64 73 

55 to 74 : 55 64 74 

55 to 75 : 55 64 75 

55 to 76 : 55 65 76 

55 to 77 : 55 66 77 

55 to 78 : 55 56 67 78 

55 to 79 : 55 56 57 68 79 

55 to 80 : -1 

55 to 81 : -1 

55 to 82 : 55 64 73 82 

55 to 83 : 55 64 73 83 

55 to 84 : 55 64 73 84 

55 to 85 : 55 64 74 85 

55 to 86 : 55 64 75 86 

55 to 87 : 55 65 76 87 

55 to 88 : 55 66 77 88 

55 to 89 : 55 56 67 78 89 

55 to 90 : -1 

55 to 91 : 55 64 73 82 91 

55 to 92 : 55 64 73 82 92 

55 to 93 : 55 64 73 82 93 

55 to 94 : 55 64 73 83 94 

55 to 95 : 55 64 73 84 95 

55 to 96 : 55 64 74 85 96 

55 to 97 : 55 64 75 86 97 

55 to 98 : 55 65 76 87 98 

55 to 99 : 55 66 77 88 99 

90 to 0 : 0 10 20 30 40 50 60 70 80 90 

90 to 1 : -1 

90 to 2 : -1 

90 to 3 : -1 

90 to 4 : 4 13 22 31 40 50 60 70 80 90 

90 to 5 : -1 

90 to 6 : -1 

90 to 7 : -1 

90 to 8 : -1 

90 to 9 : -1 

90 to 10 : -1 

90 to 11 : -1 

90 to 12 : -1 

90 to 13 : 13 22 31 40 50 60 70 80 90 

90 to 14 : -1 

90 to 15 : -1 

90 to 16 : -1 

90 to 17 : -1 

90 to 18 : -1 

90 to 19 : -1 

90 to 20 : -1 

90 to 21 : -1 

90 to 22 : -1 

90 to 23 : -1 

90 to 24 : -1 

90 to 25 : -1 

90 to 26 : 26 35 44 53 62 71 80 90 

90 to 27 : -1 

90 to 28 : -1 

90 to 29 : -1 

90 to 30 : -1 

90 to 31 : -1 

90 to 32 : -1 

90 to 33 : -1 

90 to 34 : -1 

90 to 35 : -1 

90 to 36 : -1 

90 to 37 : -1 

90 to 38 : -1 

90 to 39 : -1 

90 to 40 : -1 

90 to 41 : -1 

90 to 42 : -1 

90 to 43 : -1 

90 to 44 : -1 

90 to 45 : -1 

90 to 46 : -1 

90 to 47 : -1 

90 to 48 : -1 

90 to 49 : -1 

90 to 50 : -1 

90 to 51 : -1 

90 to 52 : -1 

90 to 53 : -1 

90 to 54 : -1 

90 to 55 : -1 

90 to 56 : -1 

90 to 57 : -1 

90 to 58 : -1 

90 to 59 : -1 

90 to 60 : -1 

90 to 61 : -1 

90 to 62 : -1 

90 to 63 : -1 

90 to 64 : -1 

90 to 65 : -1 

90 to 66 : -1 

90 to 67 : -1 

90 to 68 : -1 

90 to 69 : -1 

90 to 70 : 70 80 90 

90 to 71 : -1 

90 to 72 : -1 

90 to 73 : -1 

90 to 74 : -1 

90 to 75 : -1 

90 to 76 : -1 

90 to 77 : -1 

90 to 78 : -1 

90 to 79 : -1 

90 to 80 : -1 

90 to 81 : -1 

90 to 82 : -1 

90 to 83 : -1 

90 to 84 : -1 

90 to 85 : -1 

90 to 86 : -1 

90 to 87 : -1 

90 to 88 : -1 

90 to 89 : -1 

90 to 90 : 90 

90 to 91 : 90 91 

90 to 92 : 90 91 92 

90 to 93 : 90 91 92 93 

90 to 94 : 90 91 92 93 94 

90 to 95 : 90 91 92 93 94 95 

90 to 96 : 90 91 92 93 94 95 96 

90 to 97 : 90 91 92 93 94 95 96 97 

90 to 98 : 90 91 92 93 94 95 96 97 98 

90 to 99 : 90 91 92 93 94 95 96 97 98 99 

70 to 0 : 0 10 20 30 40 50 60 70 

70 to 1 : -1 

70 to 2 : -1 

70 to 3 : -1 

70 to 4 : 4 13 22 31 40 50 60 70 

70 to 5 : -1 

70 to 6 : -1 

70 to 7 : -1 

70 to 8 : -1 

70 to 9 : -1 

70 to 10 : -1 

70 to 11 : -1 

70 to 12 : -1 

70 to 13 : 13 22 31 40 50 60 70 

70 to 14 : -1 

70 to 15 : -1 

70 to 16 : -1 

70 to 17 : -1 

70 to 18 : -1 

70 to 19 : -1 

70 to 20 : -1 

70 to 21 : -1 

70 to 22 : -1 

70 to 23 : -1 

70 to 24 : -1 

70 to 25 : -1 

70 to 26 : -1 

70 to 27 : -1 

70 to 28 : -1 

70 to 29 : -1 

70 to 30 : -1 

70 to 31 : -1 

70 to 32 : -1 

70 to 33 : -1 

70 to 34 : -1 

70 to 35 : -1 

70 to 36 : -1 

70 to 37 : -1 

70 to 38 : -1 

70 to 39 : -1 

70 to 40 : -1 

70 to 41 : -1 

70 to 42 : -1 

70 to 43 : -1 

70 to 44 : -1 

70 to 45 : -1 

70 to 46 : -1 

70 to 47 : -1 

70 to 48 : -1 

70 to 49 : -1 

70 to 50 : -1 

70 to 51 : -1 

70 to 52 : -1 

70 to 53 : -1 

70 to 54 : -1 

70 to 55 : -1 

70 to 56 : -1 

70 to 57 : -1 

70 to 58 : -1 

70 to 59 : -1 

70 to 60 : -1 

70 to 61 : -1 

70 to 62 : -1 

70 to 63 : -1 

70 to 64 : -1 

70 to 65 : -1 

70 to 66 : -1 

70 to 67 : -1 

70 to 68 : -1 

70 to 69 : -1 

70 to 70 : 70 

70 to 71 : 70 71 

70 to 72 : 70 71 72 

70 to 73 : 70 71 72 73 

70 to 74 : 70 71 72 73 74 

70 to 75 : 70 71 72 73 74 75 

70 to 76 : 70 71 72 73 74 75 76 

70 to 77 : 70 71 72 73 74 75 76 77 

70 to 78 : 70 71 72 73 74 75 76 77 78 

70 to 79 : 70 71 72 73 74 75 76 77 78 79 

70 to 80 : 70 80 

70 to 81 : 70 81 

70 to 82 : 70 71 82 

70 to 83 : 70 71 72 83 

70 to 84 : 70 71 72 73 84 

70 to 85 : 70 71 72 73 74 85 

70 to 86 : 70 71 72 73 74 75 86 

70 to 87 : 70 71 72 73 74 75 76 87 

70 to 88 : 70 71 72 73 74 75 76 77 88 

70 to 89 : 70 71 72 73 74 75 76 77 78 89 

70 to 90 : 70 80 90 

70 to 91 : 70 80 91 

70 to 92 : 70 81 92 

70 to 93 : 70 71 82 93 

70 to 94 : 70 71 72 83 94 

70 to 95 : 70 71 72 73 84 95 

70 to 96 : 70 71 72 73 74 85 96 

70 to 97 : 70 71 72 73 74 75 86 97 

70 to 98 : 70 71 72 73 74 75 76 87 98 

70 to 99 : 70 71 72 73 74 75 76 77 88 99 

79 to 0 : 0 1 2 13 24 35 46 57 68 79 

79 to 1 : -1 

79 to 2 : -1 

79 to 3 : -1 

79 to 4 : 4 13 24 35 46 57 68 79 

79 to 5 : -1 

79 to 6 : -1 

79 to 7 : -1 

79 to 8 : -1 

79 to 9 : -1 

79 to 10 : -1 

79 to 11 : -1 

79 to 12 : -1 

79 to 13 : 13 24 35 46 57 68 79 

79 to 14 : -1 

79 to 15 : -1 

79 to 16 : -1 

79 to 17 : -1 

79 to 18 : -1 

79 to 19 : -1 

79 to 20 : -1 

79 to 21 : -1 

79 to 22 : -1 

79 to 23 : -1 

79 to 24 : -1 

79 to 25 : -1 

79 to 26 : 26 35 46 57 68 79 

79 to 27 : -1 

79 to 28 : -1 

79 to 29 : -1 

79 to 30 : -1 

79 to 31 : -1 

79 to 32 : -1 

79 to 33 : -1 

79 to 34 : -1 

79 to 35 : -1 

79 to 36 : -1 

79 to 37 : -1 

79 to 38 : -1 

79 to 39 : -1 

79 to 40 : -1 

79 to 41 : -1 

79 to 42 : -1 

79 to 43 : -1 

79 to 44 : -1 

79 to 45 : -1 

79 to 46 : -1 

79 to 47 : -1 

79 to 48 : -1 

79 to 49 : -1 

79 to 50 : -1 

79 to 51 : -1 

79 to 52 : -1 

79 to 53 : -1 

79 to 54 : -1 

79 to 55 : 55 56 57 68 79 

79 to 56 : -1 

79 to 57 : -1 

79 to 58 : -1 

79 to 59 : -1 

79 to 60 : -1 

79 to 61 : -1 

79 to 62 : -1 

79 to 63 : -1 

79 to 64 : -1 

79 to 65 : -1 

79 to 66 : -1 

79 to 67 : -1 

79 to 68 : -1 

79 to 69 : -1 

79 to 70 : 70 71 72 73 74 75 76 77 78 79 

79 to 71 : -1 

79 to 72 : -1 

79 to 73 : -1 

79 to 74 : -1 

79 to 75 : -1 

79 to 76 : -1 

79 to 77 : -1 

79 to 78 : -1 

79 to 79 : 79 

79 to 80 : -1 

79 to 81 : -1 

79 to 82 : -1 

79 to 83 : -1 

79 to 84 : -1 

79 to 85 : -1 

79 to 86 : -1 

79 to 87 : -1 

79 to 88 : 79 88 

79 to 89 : 79 89 

79 to 90 : -1 

79 to 91 : -1 

79 to 92 : -1 

79 to 93 : -1 

79 to 94 : -1 

79 to 95 : -1 

79 to 96 : -1 

79 to 97 : 79 88 97 

79 to 98 : 79 88 98 

79 to 99 : 79 88 99 

4 to 0 : 0 1 2 3 4 

4 to 1 : -1 

4 to 2 : -1 

4 to 3 : -1 

4 to 4 : 4 

4 to 5 : 4 5 

4 to 6 : 4 5 6 

4 to 7 : 4 5 6 7 

4 to 8 : 4 5 6 7 8 

4 to 9 : 4 5 6 7 8 9 

4 to 10 : -1 

4 to 11 : -1 

4 to 12 : -1 

4 to 13 : 4 13 

4 to 14 : 4 14 

4 to 15 : 4 15 

4 to 16 : 4 5 16 

4 to 17 : 4 5 6 17 

4 to 18 : 4 5 6 7 18 

4 to 19 : 4 5 6 7 8 19 

4 to 20 : -1 

4 to 21 : -1 

4 to 22 : 4 13 22 

4 to 23 : 4 13 23 

4 to 24 : 4 13 24 

4 to 25 : 4 14 25 

4 to 26 : 4 15 26 

4 to 27 : 4 5 16 27 

4 to 28 : 4 5 6 17 28 

4 to 29 : 4 5 6 7 18 29 

4 to 30 : -1 

4 to 31 : 4 13 22 31 

4 to 32 : 4 13 22 32 

4 to 33 : 4 13 22 33 

4 to 34 : 4 13 23 34 

4 to 35 : 4 13 24 35 

4 to 36 : 4 14 25 36 

4 to 37 : 4 15 26 37 

4 to 38 : 4 5 16 27 38 

4 to 39 : 4 5 6 17 28 39 

4 to 40 : 4 13 22 31 40 

4 to 41 : 4 13 22 31 41 

4 to 42 : 4 13 22 31 42 

4 to 43 : 4 13 22 32 43 

4 to 44 : 4 13 22 33 44 

4 to 45 : 4 13 23 34 45 

4 to 46 : 4 13 24 35 46 

4 to 47 : 4 14 25 36 47 

4 to 48 : 4 15 26 37 48 

4 to 49 : 4 5 16 27 38 49 

4 to 50 : 4 13 22 31 40 50 

4 to 51 : 4 13 22 31 40 51 

4 to 52 : 4 13 22 31 41 52 

4 to 53 : 4 13 22 31 42 53 

4 to 54 : 4 13 22 32 43 54 

4 to 55 : 4 13 22 33 44 55 

4 to 56 : 4 13 23 34 45 56 

4 to 57 : 4 13 24 35 46 57 

4 to 58 : 4 14 25 36 47 58 

4 to 59 : 4 15 26 37 48 59 

4 to 60 : 4 13 22 31 40 50 60 

4 to 61 : 4 13 22 31 40 50 61 

4 to 62 : 4 13 22 31 40 51 62 

4 to 63 : 4 13 22 31 41 52 63 

4 to 64 : 4 13 22 31 42 53 64 

4 to 65 : 4 13 22 32 43 54 65 

4 to 66 : 4 13 22 33 44 55 66 

4 to 67 : 4 13 23 34 45 56 67 

4 to 68 : 4 13 24 35 46 57 68 

4 to 69 : 4 14 25 36 47 58 69 

4 to 70 : 4 13 22 31 40 50 60 70 

4 to 71 : 4 13 22 31 40 50 60 71 

4 to 72 : 4 13 22 31 40 50 61 72 

4 to 73 : 4 13 22 31 40 51 62 73 

4 to 74 : 4 13 22 31 41 52 63 74 

4 to 75 : 4 13 22 31 42 53 64 75 

4 to 76 : 4 13 22 32 43 54 65 76 

4 to 77 : 4 13 22 33 44 55 66 77 

4 to 78 : 4 13 23 34 45 56 67 78 

4 to 79 : 4 13 24 35 46 57 68 79 

4 to 80 : 4 13 22 31 40 50 60 70 80 

4 to 81 : 4 13 22 31 40 50 60 70 81 

4 to 82 : 4 13 22 31 40 50 60 71 82 

4 to 83 : 4 13 22 31 40 50 61 72 83 

4 to 84 : 4 13 22 31 40 51 62 73 84 

4 to 85 : 4 13 22 31 41 52 63 74 85 

4 to 86 : 4 13 22 31 42 53 64 75 86 

4 to 87 : 4 13 22 32 43 54 65 76 87 

4 to 88 : 4 13 22 33 44 55 66 77 88 

4 to 89 : 4 13 23 34 45 56 67 78 89 

4 to 90 : 4 13 22 31 40 50 60 70 80 90 

4 to 91 : 4 13 22 31 40 50 60 70 80 91 

4 to 92 : 4 13 22 31 40 50 60 70 81 92 

4 to 93 : 4 13 22 31 40 50 60 71 82 93 

4 to 94 : 4 13 22 31 40 50 61 72 83 94 

4 to 95 : 4 13 22 31 40 51 62 73 84 95 

4 to 96 : 4 13 22 31 41 52 63 74 85 96 

4 to 97 : 4 13 22 31 42 53 64 75 86 97 

4 to 98 : 4 13 22 32 43 54 65 76 87 98 

4 to 99 : 4 13 22 33 44 55 66 77 88 99 

0 to 13 
0 to 4 




84 to 79 
84 to 99 


13 to 70 
13 to 26 


26 to 90 
26 to 55 


55 to 84 
55 to 79 


90 to 55 
90 to 84 


70 to 26 
70 to 90 


79 to 99 


4 to 70 
4 to 26 


